1
7
2
3
9
2
9
8
9
4
6
5
9
9
1
6
8
4
8
9
8
1
3
6
9
9
7
3
7
3
9
1
5
7
7
3
1
8
6
1
9
0
0
5
9
5
0
2
1
5
8
8
4
3
1
1
4
8
4
3
9
7
3
6
3
5
7
9
8
4
2
0
1
9
1
5
0
6
6
7
2
0
5
7
8
6
8
0
0
8
9
0
6
7
3
0
2
4
2
9
0
3
5
4
9
6
6
4
0
7
9
7
4
3
1
0
4
6
7
0
0
1
5
9
1
8
4
5
8
1
6
4
7
6
0
8
2
3
5
5
1
1
8
5
2
5
0
4
6
0
5
0
7
8
8
7
2
1
0
2
0
2
8
4
1
4
8
5
4
9
6
0
7
5
4
6
8
9
7
5
2
3
4
2
2
2
0
7
2
5
8
6
6
7
5
9
2
3
8
4
4
0
9
1
0
3
8
4
0
0
1
9
4
8
0
4
4
9
2
2
1
7
3
3
1
9
5
1
4
8
0
7
9
3
3
2
1
6
8
8
7
6
8
9
2
4
2
3
6
0
7
5
3
9
1
0
4
8
4
8
1
0
0
6
2
1
7
1
8
3
4
1
1
3
6
9
4
9
7
0
1
9
1
0
1
6
1
2
4
6
1
3
8
1
9
6
7
9
9
7
6
8
5
5
4
5
6
7
6
0
5
2
9
0
6
7
5
2
5
0
6
7
0
9
0
6
2
8
2
4
7
2
6
8
0
9
5
8
1
5
8
6
9
2
9
6
5
8
2
9
3
3
3
9
5
2
9
3
7
3
4
8
0
6
6
3
9
8
4
4
1
5
3
5
8
4
9
5
6
9
7
7
4
9
2
4
1
0
2
5
4
6
4
2
5
0
1
9
6
6
8
5
8
5
9
0
0
2
8
6
8
9
2
8
7
2
8
8
7
9
5
6
9
9
2
6
2
2
0
9
4
6
1
3
2
5
1
5
1
5
0
4
7
9
1
3
1
7
4
2
3
1
3
4
2
7
0
0
9
1
5
0
8
7
8
7
2
4
3
9
8
7
6
3
9
0
0
4
2
8
1
6
9
9
8
2
5
1
3
4
7
5
6
2
4
7
3
9
9
3
464
952
818
888
241
577
451
146
336
968
298
79
320
670
78
355
495
18
431
667
4
62
932
312
49
613
817
435
659
939
133
659
846
648
737
128
182
603
517
827
40
800
837
412
455
789
840
423
530
631
193
988
778
771
790
530
386
307
606
632
367
72
136
480
15
279
22
528
110
745
128
885
11
50
765
774
545
998
589
306
129
515
625
320
389
767
444
265
143
287
555
620
368
976
367
390
101
166
588
395
692
63
337
269
132
643
640
144
634
963
320
744
320
826
293
992
208
476
690
928
238
586
564
106
403
55
135
705
350
939
383
998
629
897
341
464
409
510
33
671
551
625
278
150
91
41
233
715
95
288
435
499
945
954
782
951
819
305
956
981
188
473
75
581
452
787
421
65
884
472
244
815
812
892
515
438
878
252
263
11
639
933
980
719
310
667
300
606
469
58
586
463
925
301
301
803
846
193
896
884
643
324
438
899
316
7
667
486
221
966
757
404
140
360
601
550
896
519
666
45
676
846
997
418
835
954
424
709
382
910
752
277
585
199
98
48
155
136
881
513
612
331
238
748
17
733
702
726
875
189
669
293
157
857
896
665
396
532
784
639
425
176
811
888
410
428
724
362
695
730
146
794
399
328
807
53
907
568
215
546
586
710
880
109
12
974
304
586
259
504
458
260
450
521
651
266
81
807
257
12
929
928
938
600
938
160
506
891
125
293
847
886
843
144
415
367
316
875
745
841
91
785
745
81
534
967
524
301
260
237
811
803
416
168
565
564
450
543
517
467
820
56
187
702
409
895
214
832
81
594
367
696
498
52
225
249
313
20
740
247
398
169
16
891
181
636
663
123
529
434
403
17
251
141
935
670
112
622
538
291
280
281
325
884
987
516
134
778
942
309
565
35
971
504
364
967
95
586
19
794
548
484
369
545
407
95
287
155
300
105
518
238
69
106
337
658
905
750
477
54
810
318
124
637
207
109
937
900
623
732
30
619
879
514
218
518
227
412
982
959
113
461
686
338
779
250
605
429
706
84
233
369
320
51
237
545
822
140
733
190
52
327
724
300
599
303
490
605
92
566
26
168
507
789
375
918
278
469
398
497
897
373
118
553
836
24
476
547
676
690
243
288
496
263
993
192
198
288
781
34
